65  155  31609599  357235960  0  43205 
3141  195  198500475  197239766  12  4666 
40  77  1935581303  221750169  2  40796 
2884  149  1574711754  2052455164  6  15019 
3681  38  1267449835  181417767  3  23388 
1987  84  1727186167  1756834499  12  39063 
904  146  464449882  936096771  8  12967 
1598  145  1451361268  1646225077  10  8263 
1553  110  1286389212  925972444  10  59170 
647  203  14513736  648622707  3  15964 
3535  182  1714468528  2138395334  9  11261 
2909  1  978460047  1816255671  5  45815 
3934  67  760371336  864949075  8  41394 
922  10  1435346464  459272566  6  42379 
2200  109  121619286  107106016  0  6217 
3388  175  406406400  222446573  5  40057 
4074  210  225232763  143756665  10  42624 
112  232  217009091  1967954169  11  22459 
2731  213  415656389  1934483660  11  45995 
1623  227  1198682137  2005617069  4  24313 
503  0  923851689  739682039  13  43806 
880  215  246375921  911936235  0  64891 
363  193  1819321443  421002542  10  24223 
1258  101  1561152628  1477361327  1  11200 
603  136  1487004579  1645142644  6  60007 
365  45  227638888  203431190  4  22101 
2101  148  1381408301  359018022  0  29565 
2977  235  1048086846  283168772  10  14328 
3747  4  2062426462  1800633112  3  60303 
1752  14  738933784  470452859  2  54862 
1251  240  1348981371  153940811  6  30111 
2464  59  163404851  609740749  1  19891 
2891  2  1692397727  1195041929  7  37049 
3202  170  1034126781  1341930976  2  14704 
2415  154  543776639  1465804167  6  26625 
3029  249  922268145  470879824  4  6392 
1007  228  1099843635  2120867875  2  42389 
3542  253  571944599  1417944693  6  34718 
3886  8  1461194569  63255787  8  4619 
3676  88  879672230  99012059  15  61372 
1500  181  148805813  2114512846  5  13561 
198  245  1027939037  2021607673  8  59535 
3726  238  354357644  2050039078  4  7955 
1220  146  1497319707  1186837517  14  45316 
1561  218  1035551324  523993535  5  14651 
379  145  1206676464  150145584  15  44278 
3881  37  1251439083  4807174  15  5891 
662  173  778496497  2050577442  3  56149 
821  152  1896119272  1612758097  5  20838 
3413  190  1724618048  330084273  13  42741 
